132
2.50E-02	0
0.1	0
2.97E-02	0
3.48E-02	0
4.02E-02	0
4.60E-02	0
5.22E-02	0
5.88E-02	0
6.60E-02	0
7.36E-02	0
8.18E-02	0
9.06E-02	0
0.1	0.1
0.1	2.00E-02
0.1	4.00E-02
0.1	6.00E-02
0.1	8.00E-02
0	0.1
8.00E-02	0.1
6.00E-02	0.1
4.00E-02	0.1
2.00E-02	0.1
0	2.50E-02
0	9.06E-02
0	8.18E-02
0	7.36E-02
0	6.60E-02
0	5.88E-02
0	5.22E-02
0	4.60E-02
0	4.02E-02
0	3.48E-02
0	2.97E-02
3.91E-03	2.47E-02
7.73E-03	2.38E-02
1.13E-02	2.23E-02
1.47E-02	2.02E-02
1.77E-02	1.77E-02
2.02E-02	1.47E-02
2.23E-02	1.13E-02
2.38E-02	7.73E-03
2.47E-02	3.91E-03
2.94E-02	4.92E-03
2.86E-02	9.75E-03
2.72E-02	1.44E-02
2.52E-02	1.88E-02
2.28E-02	2.28E-02
1.88E-02	2.52E-02
1.44E-02	2.72E-02
9.75E-03	2.86E-02
4.92E-03	2.94E-02
3.45E-02	6.00E-03
3.37E-02	1.19E-02
3.24E-02	1.77E-02
3.06E-02	2.32E-02
2.84E-02	2.84E-02
2.32E-02	3.06E-02
1.77E-02	3.24E-02
1.19E-02	3.37E-02
6.00E-03	3.45E-02
3.99E-02	7.16E-03
3.92E-02	1.42E-02
3.80E-02	2.12E-02
3.64E-02	2.79E-02
3.43E-02	3.43E-02
2.79E-02	3.64E-02
2.12E-02	3.80E-02
1.42E-02	3.92E-02
7.16E-03	3.99E-02
4.57E-02	8.41E-03
4.51E-02	1.67E-02
4.40E-02	2.49E-02
4.25E-02	3.29E-02
4.07E-02	4.07E-02
3.29E-02	4.25E-02
2.49E-02	4.40E-02
1.67E-02	4.51E-02
8.41E-03	4.57E-02
5.20E-02	9.74E-03
5.14E-02	1.94E-02
5.04E-02	2.90E-02
4.91E-02	3.83E-02
4.75E-02	4.75E-02
3.83E-02	4.91E-02
2.90E-02	5.04E-02
1.94E-02	5.14E-02
9.74E-03	5.20E-02
5.87E-02	1.12E-02
5.82E-02	2.23E-02
5.73E-02	3.33E-02
5.62E-02	4.41E-02
5.48E-02	5.48E-02
4.41E-02	5.62E-02
3.33E-02	5.73E-02
2.23E-02	5.82E-02
1.12E-02	5.87E-02
6.58E-02	1.27E-02
6.54E-02	2.54E-02
6.47E-02	3.79E-02
6.38E-02	5.04E-02
6.26E-02	6.26E-02
5.04E-02	6.38E-02
3.79E-02	6.47E-02
2.54E-02	6.54E-02
1.27E-02	6.58E-02
7.35E-02	1.43E-02
7.32E-02	2.86E-02
7.26E-02	4.29E-02
7.19E-02	5.70E-02
7.10E-02	7.10E-02
5.70E-02	7.19E-02
4.29E-02	7.26E-02
2.86E-02	7.32E-02
1.43E-02	7.35E-02
8.17E-02	1.61E-02
8.15E-02	3.22E-02
8.11E-02	4.82E-02
8.06E-02	6.42E-02
8.00E-02	8.00E-02
6.42E-02	8.06E-02
4.82E-02	8.11E-02
3.22E-02	8.15E-02
1.61E-02	8.17E-02
9.05E-02	1.80E-02
9.04E-02	3.59E-02
9.02E-02	5.39E-02
9.00E-02	7.18E-02
8.97E-02	8.97E-02
7.18E-02	9.00E-02
5.39E-02	9.02E-02
3.59E-02	9.04E-02
1.80E-02	9.05E-02
110
1	3	43	42	0.1	2.00E+11	0.3
0 0 0 0 0 0 0 0
0 0 0 0
0 0 0 0 0 0 0 0 0 0 0 0 0 0 0 0
3	4	52	43	0.1	2.00E+11	0.3
0 0 0 0 0 0 0 0
0 0 0 0
0 0 0 0 0 0 0 0 0 0 0 0 0 0 0 0
4	5	61	52	0.1	2.00E+11	0.3
0 0 0 0 0 0 0 0
0 0 0 0
0 0 0 0 0 0 0 0 0 0 0 0 0 0 0 0
5	6	70	61	0.1	2.00E+11	0.3
0 0 0 0 0 0 0 0
0 0 0 0
0 0 0 0 0 0 0 0 0 0 0 0 0 0 0 0
6	7	79	70	0.1	2.00E+11	0.3
0 0 0 0 0 0 0 0
0 0 0 0
0 0 0 0 0 0 0 0 0 0 0 0 0 0 0 0
7	8	88	79	0.1	2.00E+11	0.3
0 0 0 0 0 0 0 0
0 0 0 0
0 0 0 0 0 0 0 0 0 0 0 0 0 0 0 0
8	9	97	88	0.1	2.00E+11	0.3
0 0 0 0 0 0 0 0
0 0 0 0
0 0 0 0 0 0 0 0 0 0 0 0 0 0 0 0
9	10	106	97	0.1	2.00E+11	0.3
0 0 0 0 0 0 0 0
0 0 0 0
0 0 0 0 0 0 0 0 0 0 0 0 0 0 0 0
10	11	115	106	0.1	2.00E+11	0.3
0 0 0 0 0 0 0 0
0 0 0 0
0 0 0 0 0 0 0 0 0 0 0 0 0 0 0 0
11	12	124	115	0.1	2.00E+11	0.3
0 0 0 0 0 0 0 0
0 0 0 0
0 0 0 0 0 0 0 0 0 0 0 0 0 0 0 0
12	2	14	124	0.1	2.00E+11	0.3
0 0 0 0 0 0 0 0
0 1 0 0
0 0 0 0 0.1 0 0.1 0 0 0 0 0 0 0 0 0
42	43	44	41	0.1	2.00E+11	0.3
0 0 0 0 0 0 0 0
0 0 0 0
0 0 0 0 0 0 0 0 0 0 0 0 0 0 0 0
43	52	53	44	0.1	2.00E+11	0.3
0 0 0 0 0 0 0 0
0 0 0 0
0 0 0 0 0 0 0 0 0 0 0 0 0 0 0 0
52	61	62	53	0.1	2.00E+11	0.3
0 0 0 0 0 0 0 0
0 0 0 0
0 0 0 0 0 0 0 0 0 0 0 0 0 0 0 0
61	70	71	62	0.1	2.00E+11	0.3
0 0 0 0 0 0 0 0
0 0 0 0
0 0 0 0 0 0 0 0 0 0 0 0 0 0 0 0
70	79	80	71	0.1	2.00E+11	0.3
0 0 0 0 0 0 0 0
0 0 0 0
0 0 0 0 0 0 0 0 0 0 0 0 0 0 0 0
79	88	89	80	0.1	2.00E+11	0.3
0 0 0 0 0 0 0 0
0 0 0 0
0 0 0 0 0 0 0 0 0 0 0 0 0 0 0 0
88	97	98	89	0.1	2.00E+11	0.3
0 0 0 0 0 0 0 0
0 0 0 0
0 0 0 0 0 0 0 0 0 0 0 0 0 0 0 0
97	106	107	98	0.1	2.00E+11	0.3
0 0 0 0 0 0 0 0
0 0 0 0
0 0 0 0 0 0 0 0 0 0 0 0 0 0 0 0
106	115	116	107	0.1	2.00E+11	0.3
0 0 0 0 0 0 0 0
0 0 0 0
0 0 0 0 0 0 0 0 0 0 0 0 0 0 0 0
115	124	125	116	0.1	2.00E+11	0.3
0 0 0 0 0 0 0 0
0 0 0 0
0 0 0 0 0 0 0 0 0 0 0 0 0 0 0 0
124	14	15	125	0.1	2.00E+11	0.3
0 0 0 0 0 0 0 0
0 1 0 0
0 0 0 0 0.1 0 0.1 0 0 0 0 0 0 0 0 0
41	44	45	40	0.1	2.00E+11	0.3
0 0 0 0 0 0 0 0
0 0 0 0
0 0 0 0 0 0 0 0 0 0 0 0 0 0 0 0
44	53	54	45	0.1	2.00E+11	0.3
0 0 0 0 0 0 0 0
0 0 0 0
0 0 0 0 0 0 0 0 0 0 0 0 0 0 0 0
53	62	63	54	0.1	2.00E+11	0.3
0 0 0 0 0 0 0 0
0 0 0 0
0 0 0 0 0 0 0 0 0 0 0 0 0 0 0 0
62	71	72	63	0.1	2.00E+11	0.3
0 0 0 0 0 0 0 0
0 0 0 0
0 0 0 0 0 0 0 0 0 0 0 0 0 0 0 0
71	80	81	72	0.1	2.00E+11	0.3
0 0 0 0 0 0 0 0
0 0 0 0
0 0 0 0 0 0 0 0 0 0 0 0 0 0 0 0
80	89	90	81	0.1	2.00E+11	0.3
0 0 0 0 0 0 0 0
0 0 0 0
0 0 0 0 0 0 0 0 0 0 0 0 0 0 0 0
89	98	99	90	0.1	2.00E+11	0.3
0 0 0 0 0 0 0 0
0 0 0 0
0 0 0 0 0 0 0 0 0 0 0 0 0 0 0 0
98	107	108	99	0.1	2.00E+11	0.3
0 0 0 0 0 0 0 0
0 0 0 0
0 0 0 0 0 0 0 0 0 0 0 0 0 0 0 0
107	116	117	108	0.1	2.00E+11	0.3
0 0 0 0 0 0 0 0
0 0 0 0
0 0 0 0 0 0 0 0 0 0 0 0 0 0 0 0
116	125	126	117	0.1	2.00E+11	0.3
0 0 0 0 0 0 0 0
0 0 0 0
0 0 0 0 0 0 0 0 0 0 0 0 0 0 0 0
125	15	16	126	0.1	2.00E+11	0.3
0 0 0 0 0 0 0 0
0 1 0 0
0 0 0 0 0.1 0 0.1 0 0 0 0 0 0 0 0 0
40	45	46	39	0.1	2.00E+11	0.3
0 0 0 0 0 0 0 0
0 0 0 0
0 0 0 0 0 0 0 0 0 0 0 0 0 0 0 0
45	54	55	46	0.1	2.00E+11	0.3
0 0 0 0 0 0 0 0
0 0 0 0
0 0 0 0 0 0 0 0 0 0 0 0 0 0 0 0
54	63	64	55	0.1	2.00E+11	0.3
0 0 0 0 0 0 0 0
0 0 0 0
0 0 0 0 0 0 0 0 0 0 0 0 0 0 0 0
63	72	73	64	0.1	2.00E+11	0.3
0 0 0 0 0 0 0 0
0 0 0 0
0 0 0 0 0 0 0 0 0 0 0 0 0 0 0 0
72	81	82	73	0.1	2.00E+11	0.3
0 0 0 0 0 0 0 0
0 0 0 0
0 0 0 0 0 0 0 0 0 0 0 0 0 0 0 0
81	90	91	82	0.1	2.00E+11	0.3
0 0 0 0 0 0 0 0
0 0 0 0
0 0 0 0 0 0 0 0 0 0 0 0 0 0 0 0
90	99	100	91	0.1	2.00E+11	0.3
0 0 0 0 0 0 0 0
0 0 0 0
0 0 0 0 0 0 0 0 0 0 0 0 0 0 0 0
99	108	109	100	0.1	2.00E+11	0.3
0 0 0 0 0 0 0 0
0 0 0 0
0 0 0 0 0 0 0 0 0 0 0 0 0 0 0 0
108	117	118	109	0.1	2.00E+11	0.3
0 0 0 0 0 0 0 0
0 0 0 0
0 0 0 0 0 0 0 0 0 0 0 0 0 0 0 0
117	126	127	118	0.1	2.00E+11	0.3
0 0 0 0 0 0 0 0
0 0 0 0
0 0 0 0 0 0 0 0 0 0 0 0 0 0 0 0
126	16	17	127	0.1	2.00E+11	0.3
0 0 0 0 0 0 0 0
0 1 0 0
0 0 0 0 0.1 0 0.1 0 0 0 0 0 0 0 0 0
39	46	47	38	0.1	2.00E+11	0.3
0 0 0 0 0 0 0 0
0 0 0 0
0 0 0 0 0 0 0 0 0 0 0 0 0 0 0 0
46	55	56	47	0.1	2.00E+11	0.3
0 0 0 0 0 0 0 0
0 0 0 0
0 0 0 0 0 0 0 0 0 0 0 0 0 0 0 0
55	64	65	56	0.1	2.00E+11	0.3
0 0 0 0 0 0 0 0
0 0 0 0
0 0 0 0 0 0 0 0 0 0 0 0 0 0 0 0
64	73	74	65	0.1	2.00E+11	0.3
0 0 0 0 0 0 0 0
0 0 0 0
0 0 0 0 0 0 0 0 0 0 0 0 0 0 0 0
73	82	83	74	0.1	2.00E+11	0.3
0 0 0 0 0 0 0 0
0 0 0 0
0 0 0 0 0 0 0 0 0 0 0 0 0 0 0 0
82	91	92	83	0.1	2.00E+11	0.3
0 0 0 0 0 0 0 0
0 0 0 0
0 0 0 0 0 0 0 0 0 0 0 0 0 0 0 0
91	100	101	92	0.1	2.00E+11	0.3
0 0 0 0 0 0 0 0
0 0 0 0
0 0 0 0 0 0 0 0 0 0 0 0 0 0 0 0
100	109	110	101	0.1	2.00E+11	0.3
0 0 0 0 0 0 0 0
0 0 0 0
0 0 0 0 0 0 0 0 0 0 0 0 0 0 0 0
109	118	119	110	0.1	2.00E+11	0.3
0 0 0 0 0 0 0 0
0 0 0 0
0 0 0 0 0 0 0 0 0 0 0 0 0 0 0 0
118	127	128	119	0.1	2.00E+11	0.3
0 0 0 0 0 0 0 0
0 0 0 0
0 0 0 0 0 0 0 0 0 0 0 0 0 0 0 0
127	17	13	128	0.1	2.00E+11	0.3
0 0 0 0 0 0 0 0
0 1 0 0
0 0 0 0 0.1 0 0.1 0 0 0 0 0 0 0 0 0
38	47	48	37	0.1	2.00E+11	0.3
0 0 0 0 0 0 0 0
0 0 0 0
0 0 0 0 0 0 0 0 0 0 0 0 0 0 0 0
47	56	57	48	0.1	2.00E+11	0.3
0 0 0 0 0 0 0 0
0 0 0 0
0 0 0 0 0 0 0 0 0 0 0 0 0 0 0 0
56	65	66	57	0.1	2.00E+11	0.3
0 0 0 0 0 0 0 0
0 0 0 0
0 0 0 0 0 0 0 0 0 0 0 0 0 0 0 0
65	74	75	66	0.1	2.00E+11	0.3
0 0 0 0 0 0 0 0
0 0 0 0
0 0 0 0 0 0 0 0 0 0 0 0 0 0 0 0
74	83	84	75	0.1	2.00E+11	0.3
0 0 0 0 0 0 0 0
0 0 0 0
0 0 0 0 0 0 0 0 0 0 0 0 0 0 0 0
83	92	93	84	0.1	2.00E+11	0.3
0 0 0 0 0 0 0 0
0 0 0 0
0 0 0 0 0 0 0 0 0 0 0 0 0 0 0 0
92	101	102	93	0.1	2.00E+11	0.3
0 0 0 0 0 0 0 0
0 0 0 0
0 0 0 0 0 0 0 0 0 0 0 0 0 0 0 0
101	110	111	102	0.1	2.00E+11	0.3
0 0 0 0 0 0 0 0
0 0 0 0
0 0 0 0 0 0 0 0 0 0 0 0 0 0 0 0
110	119	120	111	0.1	2.00E+11	0.3
0 0 0 0 0 0 0 0
0 0 0 0
0 0 0 0 0 0 0 0 0 0 0 0 0 0 0 0
119	128	129	120	0.1	2.00E+11	0.3
0 0 0 0 0 0 0 0
0 0 0 0
0 0 0 0 0 0 0 0 0 0 0 0 0 0 0 0
128	13	19	129	0.1	2.00E+11	0.3
0 0 0 0 0 0 0 0
0 0 0 0
0 0 0 0 0 0 0 0 0 0 0 0 0 0 0 0
37	48	49	36	0.1	2.00E+11	0.3
0 0 0 0 0 0 0 0
0 0 0 0
0 0 0 0 0 0 0 0 0 0 0 0 0 0 0 0
48	57	58	49	0.1	2.00E+11	0.3
0 0 0 0 0 0 0 0
0 0 0 0
0 0 0 0 0 0 0 0 0 0 0 0 0 0 0 0
57	66	67	58	0.1	2.00E+11	0.3
0 0 0 0 0 0 0 0
0 0 0 0
0 0 0 0 0 0 0 0 0 0 0 0 0 0 0 0
66	75	76	67	0.1	2.00E+11	0.3
0 0 0 0 0 0 0 0
0 0 0 0
0 0 0 0 0 0 0 0 0 0 0 0 0 0 0 0
75	84	85	76	0.1	2.00E+11	0.3
0 0 0 0 0 0 0 0
0 0 0 0
0 0 0 0 0 0 0 0 0 0 0 0 0 0 0 0
84	93	94	85	0.1	2.00E+11	0.3
0 0 0 0 0 0 0 0
0 0 0 0
0 0 0 0 0 0 0 0 0 0 0 0 0 0 0 0
93	102	103	94	0.1	2.00E+11	0.3
0 0 0 0 0 0 0 0
0 0 0 0
0 0 0 0 0 0 0 0 0 0 0 0 0 0 0 0
102	111	112	103	0.1	2.00E+11	0.3
0 0 0 0 0 0 0 0
0 0 0 0
0 0 0 0 0 0 0 0 0 0 0 0 0 0 0 0
111	120	121	112	0.1	2.00E+11	0.3
0 0 0 0 0 0 0 0
0 0 0 0
0 0 0 0 0 0 0 0 0 0 0 0 0 0 0 0
120	129	130	121	0.1	2.00E+11	0.3
0 0 0 0 0 0 0 0
0 0 0 0
0 0 0 0 0 0 0 0 0 0 0 0 0 0 0 0
129	19	20	130	0.1	2.00E+11	0.3
0 0 0 0 0 0 0 0
0 0 0 0
0 0 0 0 0 0 0 0 0 0 0 0 0 0 0 0
36	49	50	35	0.1	2.00E+11	0.3
0 0 0 0 0 0 0 0
0 0 0 0
0 0 0 0 0 0 0 0 0 0 0 0 0 0 0 0
49	58	59	50	0.1	2.00E+11	0.3
0 0 0 0 0 0 0 0
0 0 0 0
0 0 0 0 0 0 0 0 0 0 0 0 0 0 0 0
58	67	68	59	0.1	2.00E+11	0.3
0 0 0 0 0 0 0 0
0 0 0 0
0 0 0 0 0 0 0 0 0 0 0 0 0 0 0 0
67	76	77	68	0.1	2.00E+11	0.3
0 0 0 0 0 0 0 0
0 0 0 0
0 0 0 0 0 0 0 0 0 0 0 0 0 0 0 0
76	85	86	77	0.1	2.00E+11	0.3
0 0 0 0 0 0 0 0
0 0 0 0
0 0 0 0 0 0 0 0 0 0 0 0 0 0 0 0
85	94	95	86	0.1	2.00E+11	0.3
0 0 0 0 0 0 0 0
0 0 0 0
0 0 0 0 0 0 0 0 0 0 0 0 0 0 0 0
94	103	104	95	0.1	2.00E+11	0.3
0 0 0 0 0 0 0 0
0 0 0 0
0 0 0 0 0 0 0 0 0 0 0 0 0 0 0 0
103	112	113	104	0.1	2.00E+11	0.3
0 0 0 0 0 0 0 0
0 0 0 0
0 0 0 0 0 0 0 0 0 0 0 0 0 0 0 0
112	121	122	113	0.1	2.00E+11	0.3
0 0 0 0 0 0 0 0
0 0 0 0
0 0 0 0 0 0 0 0 0 0 0 0 0 0 0 0
121	130	131	122	0.1	2.00E+11	0.3
0 0 0 0 0 0 0 0
0 0 0 0
0 0 0 0 0 0 0 0 0 0 0 0 0 0 0 0
130	20	21	131	0.1	2.00E+11	0.3
0 0 0 0 0 0 0 0
0 0 0 0
0 0 0 0 0 0 0 0 0 0 0 0 0 0 0 0
35	50	51	34	0.1	2.00E+11	0.3
0 0 0 0 0 0 0 0
0 0 0 0
0 0 0 0 0 0 0 0 0 0 0 0 0 0 0 0
50	59	60	51	0.1	2.00E+11	0.3
0 0 0 0 0 0 0 0
0 0 0 0
0 0 0 0 0 0 0 0 0 0 0 0 0 0 0 0
59	68	69	60	0.1	2.00E+11	0.3
0 0 0 0 0 0 0 0
0 0 0 0
0 0 0 0 0 0 0 0 0 0 0 0 0 0 0 0
68	77	78	69	0.1	2.00E+11	0.3
0 0 0 0 0 0 0 0
0 0 0 0
0 0 0 0 0 0 0 0 0 0 0 0 0 0 0 0
77	86	87	78	0.1	2.00E+11	0.3
0 0 0 0 0 0 0 0
0 0 0 0
0 0 0 0 0 0 0 0 0 0 0 0 0 0 0 0
86	95	96	87	0.1	2.00E+11	0.3
0 0 0 0 0 0 0 0
0 0 0 0
0 0 0 0 0 0 0 0 0 0 0 0 0 0 0 0
95	104	105	96	0.1	2.00E+11	0.3
0 0 0 0 0 0 0 0
0 0 0 0
0 0 0 0 0 0 0 0 0 0 0 0 0 0 0 0
104	113	114	105	0.1	2.00E+11	0.3
0 0 0 0 0 0 0 0
0 0 0 0
0 0 0 0 0 0 0 0 0 0 0 0 0 0 0 0
113	122	123	114	0.1	2.00E+11	0.3
0 0 0 0 0 0 0 0
0 0 0 0
0 0 0 0 0 0 0 0 0 0 0 0 0 0 0 0
122	131	132	123	0.1	2.00E+11	0.3
0 0 0 0 0 0 0 0
0 0 0 0
0 0 0 0 0 0 0 0 0 0 0 0 0 0 0 0
131	21	22	132	0.1	2.00E+11	0.3
0 0 0 0 0 0 0 0
0 0 0 0
0 0 0 0 0 0 0 0 0 0 0 0 0 0 0 0
34	51	33	23	0.1	2.00E+11	0.3
0 0 0 0 0 0 0 0
0 0 0 0
0 0 0 0 0 0 0 0 0 0 0 0 0 0 0 0
51	60	32	33	0.1	2.00E+11	0.3
0 0 0 0 0 0 0 0
0 0 0 0
0 0 0 0 0 0 0 0 0 0 0 0 0 0 0 0
60	69	31	32	0.1	2.00E+11	0.3
0 0 0 0 0 0 0 0
0 0 0 0
0 0 0 0 0 0 0 0 0 0 0 0 0 0 0 0
69	78	30	31	0.1	2.00E+11	0.3
0 0 0 0 0 0 0 0
0 0 0 0
0 0 0 0 0 0 0 0 0 0 0 0 0 0 0 0
78	87	29	30	0.1	2.00E+11	0.3
0 0 0 0 0 0 0 0
0 0 0 0
0 0 0 0 0 0 0 0 0 0 0 0 0 0 0 0
87	96	28	29	0.1	2.00E+11	0.3
0 0 0 0 0 0 0 0
0 0 0 0
0 0 0 0 0 0 0 0 0 0 0 0 0 0 0 0
96	105	27	28	0.1	2.00E+11	0.3
0 0 0 0 0 0 0 0
0 0 0 0
0 0 0 0 0 0 0 0 0 0 0 0 0 0 0 0
105	114	26	27	0.1	2.00E+11	0.3
0 0 0 0 0 0 0 0
0 0 0 0
0 0 0 0 0 0 0 0 0 0 0 0 0 0 0 0
114	123	25	26	0.1	2.00E+11	0.3
0 0 0 0 0 0 0 0
0 0 0 0
0 0 0 0 0 0 0 0 0 0 0 0 0 0 0 0
123	132	24	25	0.1	2.00E+11	0.3
0 0 0 0 0 0 0 0
0 0 0 0
0 0 0 0 0 0 0 0 0 0 0 0 0 0 0 0
132	22	18	24	0.1	2.00E+11	0.3
0 0 0 0 0 0 0 0
0 0 0 0
0 0 0 0 0 0 0 0 0 0 0 0 0 0 0 0
24
1	2	0
2	2	0
3	2	0
4	2	0
5	2	0
6	2	0
7	2	0
8	2	0
9	2	0
10	2	0
11	2	0
12	2	0
18	1	0
23	1	0
24	1	0
25	1	0
26	1	0
27	1	0
28	1	0
29	1	0
30	1	0
31	1	0
32	1	0
33	1	0

